0 0.00109193
1 0.00418559
2 0.00709433
3 0.0118688
4 0.0151392
5 0.0192305
6 0.0229
7 0.0263608
8 0.0298923
9 0.0330851
10 0.0360719
11 0.0387288
12 0.0409963
13 0.0430468
14 0.0446475
15 0.0458678
16 0.0467923
17 0.0472896
18 0.0474866
19 0.0471685
20 0.0465289
21 0.0455678
22 0.0440319
23 0.0421465
24 0.0399904
25 0.0375205
26 0.0345973
27 0.031606
28 0.0283677
29 0.0252879
30 0.0219788
31 0.0186309
32 0.0156495
33 0.0125783
34 0.0100143
35 0.0077497
36 0.00628566
37 0.00560971
38 0.00595875
39 0.00701326
40 0.00798408
41 0.00916922
42 0.0100527
43 0.0109998
44 0.0113125
45 0.0118881
46 0.011867
47 0.0118971
48 0.0116274
49 0.0114776
50 0.0107858
51 0.0101889
52 0.00982145
53 0.00909524
54 0.00853524
55 0.00792759
56 0.00745181
57 0.0070253
58 0.00675469
59 0.00659388
60 0.00637162
61 0.00652308
62 0.00661466
63 0.00691667
64 0.00739436
65 0.00778587
66 0.0084002
67 0.00894436
68 0.00976823
69 0.0102606
70 0.0109863
71 0.0117272
72 0.0121946
73 0.0128308
74 0.0132908
75 0.0136682
76 0.0139795
77 0.0141299
78 0.0143163
79 0.0143113
80 0.014204
81 0.0140738
82 0.0138176
83 0.0135191
84 0.0130322
85 0.0126695
86 0.01203
87 0.0114865
88 0.0107511
89 0.0101469
90 0.00926734
91 0.00856987
92 0.00777229
93 0.0068192
94 0.00611104
95 0.00536906
96 0.00477291
97 0.00447876
98 0.0044941
99 0.00470531
100 0.00530315
101 0.00613842
102 0.00690391
103 0.00803539
104 0.00913904
105 0.0103907
106 0.0116076
107 0.0132876
108 0.0147612
109 0.0166543
110 0.0187175
111 0.02095
112 0.0235361
113 0.0262011
114 0.0291602
115 0.0323889
116 0.035675
117 0.0389895
118 0.0424343
119 0.0459075
120 0.0489038
121 0.0518655
122 0.0543091
123 0.056108
124 0.0573535
125 0.0578794
126 0.0576256
127 0.0566035
128 0.0549847
129 0.0527889
130 0.0500587
131 0.0471027
132 0.0439113
133 0.0405942
134 0.0373049
135 0.03401
136 0.030956
137 0.0279329
138 0.0251421
139 0.0225638
140 0.0201062
141 0.0178943
142 0.0158793
143 0.0140072
144 0.0123501
145 0.0108582
146 0.00948052
147 0.00831808
148 0.00725073
149 0.00639054
150 0.00558812
151 0.00497226
152 0.00457972
153 0.00419217
154 0.00424133
155 0.00412883
156 0.00442573
157 0.00500178
158 0.00534342
159 0.00625015
160 0.00697837
161 0.00826476
162 0.00916999
163 0.0103512
164 0.0120209
165 0.0133571
166 0.014784
167 0.0164813
168 0.0180689
169 0.0195753
170 0.0212084
171 0.0227118
172 0.0241376
173 0.0257217
174 0.0265417
175 0.0280964
176 0.0290314
177 0.0297875
178 0.0307557
179 0.0314768
180 0.0319223
181 0.0324304
182 0.0328879
183 0.0330643
184 0.0332134
185 0.0332218
186 0.0331988
187 0.0329653
188 0.0326232
189 0.0320364
190 0.0313393
191 0.0308114
192 0.029573
193 0.0286654
194 0.0273918
195 0.0260672
196 0.0247449
197 0.0233531
198 0.0217924
199 0.0201711
200 0.018761
201 0.017271
202 0.0156235
203 0.0143078
204 0.0127869
205 0.0114458
206 0.0102999
207 0.00893048
208 0.00797253
209 0.00674431
210 0.00586235
211 0.00504994
212 0.00425443
213 0.00342231
214 0.00287138
215 0.00224226
216 0.00174678
217 0.00132188
218 0.00108238
219 0.00118377
220 0.00145789
221 0.00195696
222 0.0024565
223 0.00282805
224 0.0034118
225 0.00372351
226 0.00429313
227 0.00443324
228 0.00476952
229 0.00489385
230 0.00501267
231 0.00509123
232 0.00492312
233 0.00482344
234 0.00467892
235 0.00430304
236 0.0041155
237 0.00376189
238 0.00347468
239 0.00308276
240 0.00263643
241 0.00240474
242 0.00208313
243 0.00167263
244 0.00143162
245 0.00116526
246 0.000997796
247 0.000790381
248 0.000903347
249 0.00104352
250 0.00138102
251 0.00189348
252 0.00236251
253 0.00307498
254 0.00374754
255 0.00458918
256 0.00544035
257 0.00638439
258 0.00730188
259 0.00831116
260 0.00931942
261 0.0102093
262 0.0110986
263 0.0119613
264 0.0126695
265 0.0132995
266 0.0137586
267 0.0141326
268 0.0143318
269 0.0144058
270 0.014357
271 0.0141943
272 0.0139037
273 0.0135517
274 0.013136
275 0.0126543
276 0.0122154
277 0.0116888
278 0.0112408
279 0.0108005
280 0.0104293
281 0.0101188
282 0.00987306
283 0.00966225
284 0.00952375
285 0.00948434
286 0.00946248
287 0.00947331
288 0.00951009
289 0.00957189
290 0.00962939
291 0.00966935
292 0.00971532
293 0.00971269
294 0.00971745
295 0.00963331
296 0.00960519
297 0.00951845
298 0.00936634
299 0.00925496
300 0.00909774
301 0.00893504
302 0.00877345
303 0.00861618
304 0.00847317
305 0.00829436
306 0.00811792
307 0.00800985
308 0.00784351
309 0.00773029
310 0.00761024
311 0.00745058
312 0.00736033
313 0.00724068
314 0.00709994
315 0.00693622
316 0.00681081
317 0.0066194
318 0.00645303
319 0.00624497
320 0.00602768
321 0.00581346
322 0.00557735
323 0.00533846
324 0.00513069
325 0.00491777
326 0.00475086
327 0.00454654
328 0.00443527
329 0.0042685
330 0.00420044
331 0.00407733
332 0.00412005
333 0.00403388
334 0.0039727
335 0.0040275
336 0.00412981
337 0.00416008
338 0.00424984
339 0.0045845
340 0.00488268
341 0.00522417
342 0.00568618
343 0.00630442
344 0.00692042
345 0.00769153
346 0.00845052
347 0.0093278
348 0.0103166
349 0.0111881
350 0.0121965
351 0.0131869
352 0.0142276
353 0.0151077
354 0.0161093
355 0.0168989
356 0.017682
357 0.0184423
358 0.0189079
359 0.0193978
360 0.0197505
361 0.0198532
362 0.0199262
363 0.0198142
364 0.0195917
365 0.0193196
366 0.0188895
367 0.0184797
368 0.0180539
369 0.0176485
370 0.0172652
371 0.017075
372 0.0169502
373 0.0170176
374 0.0173474
375 0.0177966
376 0.0185503
377 0.0195544
378 0.0207599
379 0.0220428
380 0.023592
381 0.0255273
382 0.0275613
383 0.0294919
384 0.0320553
385 0.0344954
386 0.0370618
387 0.0398279
388 0.0425444
389 0.0453649
390 0.0478633
391 0.0504759
392 0.0526585
393 0.0544464
394 0.0559996
395 0.0569538
396 0.0575625
397 0.0577016
398 0.0574955
399 0.0570434
400 0.0564186
401 0.0557469
402 0.055064
403 0.0545027
404 0.054049
405 0.0537241
406 0.0535427
407 0.0533566
408 0.0532486
409 0.0529861
410 0.0525772
411 0.0519565
412 0.0510134
413 0.0496713
414 0.0481591
415 0.0462292
416 0.0439734
417 0.0416322
418 0.0390265
419 0.0363985
420 0.0337607
421 0.0311484
422 0.0286189
423 0.0261976
424 0.0239892
425 0.0218838
426 0.0200551
427 0.0183626
428 0.0168098
429 0.0155198
430 0.014399
431 0.0134095
432 0.0125961
433 0.0118591
434 0.0113684
435 0.0108176
436 0.0104229
437 0.0101087
438 0.00975751
439 0.00955992
440 0.00928279
441 0.00900207
442 0.0088981
443 0.00866433
444 0.00848582
445 0.00830359
446 0.00820244
447 0.0080692
448 0.00793808
449 0.00785578
450 0.0077945
451 0.00771492
452 0.0076027
453 0.00755544
454 0.0074465
455 0.00730417
456 0.00716314
457 0.00692689
458 0.00666515
459 0.00637888
460 0.00604409
461 0.00553296
462 0.00519403
463 0.00462718
464 0.00411708
465 0.0035844
466 0.00306135
467 0.00265665
468 0.00243951
469 0.00245209
470 0.00286421
471 0.00336558
472 0.00413037
473 0.00492955
474 0.00573194
475 0.00669795
476 0.00764589
477 0.0085209
478 0.00945337
479 0.0103734
480 0.0113023
481 0.0121485
482 0.0129415
483 0.0137561
484 0.0144421
485 0.0151134
486 0.0155674
487 0.0160138
488 0.0163596
489 0.0165531
490 0.0166572
491 0.0166123
492 0.0165662
493 0.0162206
494 0.0160026
495 0.0156715
496 0.0151828
497 0.0148222
498 0.0145284
499 0.0141387
500 0.0138757
501 0.0136879
502 0.0135644
503 0.0135679
504 0.0136175
505 0.0137524
506 0.0138739
507 0.0141136
508 0.0143153
509 0.014566
510 0.0147663
511 0.0150718
512 0.0152561
513 0.0154659
514 0.0157358
515 0.0158665
516 0.0160476
517 0.0162216
518 0.016315
519 0.0164027
520 0.016475
521 0.0163685
522 0.0162913
523 0.0161154
524 0.0158284
525 0.0154398
526 0.0149938
527 0.0145177
528 0.0138155
529 0.013131
530 0.0123553
531 0.011557
532 0.0106493
533 0.00975381
534 0.00897233
535 0.00798872
536 0.00732137
537 0.00648108
538 0.00588411
539 0.00538772
540 0.00512025
541 0.00494188
542 0.00494488
543 0.00517058
544 0.00551026
545 0.00604097
546 0.00651315
547 0.00722775
548 0.00792026
549 0.0088475
550 0.0096528
551 0.0105264
552 0.0116479
553 0.0125062
554 0.0135177
555 0.0144855
556 0.0152385
557 0.0159786
558 0.0164165
559 0.0167798
560 0.0167664
561 0.0163854
562 0.0158279
563 0.0148012
564 0.0135242
565 0.0118924
566 0.0101488
567 0.00843925
568 0.00738985
569 0.0075155
570 0.00913605
571 0.0117257
572 0.0149857
573 0.0183848
574 0.0219046
575 0.025293
576 0.0285889
577 0.0314968
578 0.0341177
579 0.0363365
580 0.038074
581 0.0392794
582 0.0402873
583 0.0407908
584 0.0409703
585 0.0409933
586 0.0409509
587 0.0408231
588 0.0408074
589 0.0409483
590 0.0412644
591 0.0419079
592 0.0427587
593 0.0439075
594 0.0452192
595 0.0466617
596 0.0482044
597 0.0496264
598 0.0507972
599 0.0515894
600 0.0519579
601 0.0516178
602 0.0506045
603 0.0489046
604 0.0465186
605 0.0434981
606 0.0400438
607 0.0361812
608 0.0320971
609 0.0278853
610 0.0237047
611 0.0196153
612 0.0157577
613 0.012316
614 0.00956144
615 0.00809092
616 0.00838091
617 0.0101246
618 0.0125528
619 0.0153853
620 0.0182168
621 0.021127
622 0.023868
623 0.0265501
624 0.0291162
625 0.0315176
626 0.0337109
627 0.035668
628 0.0374142
629 0.0388738
630 0.0400145
631 0.0409531
632 0.0414592
633 0.0417671
634 0.0417741
635 0.0415249
636 0.0409949
637 0.0402458
638 0.0393825
639 0.0382059
640 0.03697
641 0.0355918
642 0.0339925
643 0.0324927
644 0.0306853
645 0.0290046
646 0.0270449
647 0.0253042
648 0.0235001
649 0.0215154
650 0.0198707
651 0.018061
652 0.0164281
653 0.0148679
654 0.0134863
655 0.0122268
656 0.0110642
657 0.0101033
658 0.00926212
659 0.00862177
660 0.00812629
661 0.0076355
662 0.0073262
663 0.00696649
664 0.0068023
665 0.00649618
666 0.00629364
667 0.0060288
668 0.00582199
669 0.00554794
670 0.00539082
671 0.00521086
672 0.00518288
673 0.00520619
674 0.00534822
675 0.00571954
676 0.00611501
677 0.00653631
678 0.00710457
679 0.00765119
680 0.0082292
681 0.00869896
682 0.00913205
683 0.00969512
684 0.00994507
685 0.0101599
686 0.0103564
687 0.0104177
688 0.0105035
689 0.0105259
690 0.0105195
691 0.0105478
692 0.0106567
693 0.0107916
694 0.0109637
695 0.0113092
696 0.0115574
697 0.0119671
698 0.0121999
699 0.012741
700 0.0129804
701 0.0133136
702 0.0137703
703 0.0140831
704 0.0144438
705 0.0148763
706 0.015432
707 0.0157837
708 0.0163416
709 0.016932
710 0.0174463
711 0.0179496
712 0.0185313
713 0.0189342
714 0.0193473
715 0.0197933
716 0.0200218
717 0.0204216
718 0.0206471
719 0.0208915
720 0.0212263
721 0.0215423
722 0.0218359
723 0.0223023
724 0.0229585
725 0.0234208
726 0.0241291
727 0.0250628
728 0.0259324
729 0.0270255
730 0.0282055
731 0.0294477
732 0.0308215
733 0.0322929
734 0.0335982
735 0.034987
736 0.0364119
737 0.0375558
738 0.0386358
739 0.0393105
740 0.0399391
741 0.0400913
742 0.0398905
743 0.0395585
744 0.0386789
745 0.0375659
746 0.036218
747 0.0347358
748 0.0329243
749 0.0311095
750 0.0292921
751 0.0273809
752 0.0256661
753 0.0238258
754 0.0221396
755 0.0206547
756 0.0191282
757 0.0178409
758 0.0166092
759 0.0154611
760 0.0145438
761 0.0135626
762 0.0126617
763 0.011962
764 0.0111679
765 0.0103643
766 0.00964932
767 0.009
768 0.00820775
769 0.00737115
770 0.00665355
771 0.00581207
772 0.00502308
773 0.00429923
774 0.00366625
775 0.00325475
776 0.00319818
777 0.00353507
778 0.00432986
779 0.00524323
780 0.00611299
781 0.00732775
782 0.0082748
783 0.00940429
784 0.010437
785 0.0113746
786 0.012512
787 0.0132852
788 0.014124
789 0.0149997
790 0.0156137
791 0.0163948
792 0.0169828
793 0.0177453
794 0.0184301
795 0.0191006
796 0.0200126
797 0.0209429
798 0.0221128
799 0.0234532
800 0.0251368
801 0.0271236
802 0.0294874
803 0.0321191
804 0.0351498
805 0.0387069
806 0.0425022
807 0.0464572
808 0.0506057
809 0.0548018
810 0.0587173
811 0.0621739
812 0.0651399
813 0.0671281
814 0.0682325
815 0.0683537
816 0.0675855
817 0.0660546
818 0.0638737
819 0.0613969
820 0.05862
821 0.0558889
822 0.0532572
823 0.0506509
824 0.0485832
825 0.0462961
826 0.0443571
827 0.0427839
828 0.0411159
829 0.0394599
830 0.0381927
831 0.0366429
832 0.0352092
833 0.0337071
834 0.0321173
835 0.0307507
836 0.0292582
837 0.0276261
838 0.0265191
839 0.0251534
840 0.0238346
841 0.0231802
842 0.0226347
843 0.0221032
844 0.0222396
845 0.022543
846 0.0231831
847 0.0243293
848 0.0257295
849 0.027526
850 0.0294107
851 0.0314662
852 0.0338543
853 0.0359914
854 0.0379812
855 0.0396694
856 0.0409464
857 0.0415711
858 0.0417441
859 0.0409756
860 0.0398258
861 0.0379059
862 0.0355192
863 0.0327904
864 0.0296612
865 0.0266145
866 0.0236665
867 0.0209697
868 0.0189926
869 0.0181067
870 0.0182442
871 0.0198258
872 0.0225761
873 0.0259867
874 0.0300972
875 0.0346703
876 0.0396363
877 0.0448104
878 0.0501247
879 0.0554254
880 0.0604781
881 0.0650099
882 0.0686181
883 0.0711412
884 0.072045
885 0.0712903
886 0.0688225
887 0.0648481
888 0.0596547
889 0.0534811
890 0.0467236
891 0.0396611
892 0.0324148
893 0.0252807
894 0.0182241
895 0.0115049
896 0.00601699
897 0.00563444
898 0.0104286
899 0.015996
900 0.0212236
901 0.0260118
902 0.0300921
903 0.0332897
904 0.0355265
905 0.036679
906 0.0367528
907 0.0357293
908 0.0337635
909 0.0310526
910 0.0277538
911 0.0241205
912 0.020371
913 0.0166996
914 0.0135413
915 0.0110369
916 0.00950808
917 0.00909078
918 0.00941592
919 0.0101009
920 0.0109068
921 0.0114361
922 0.0118649
923 0.0119616
924 0.0120594
925 0.0120077
926 0.0120896
927 0.012239
928 0.0126381
929 0.0133007
930 0.0142282
931 0.0153325
932 0.0165775
933 0.0179645
934 0.0191952
935 0.0204415
936 0.0215492
937 0.0225272
938 0.023206
939 0.0237949
940 0.0240001
941 0.0239118
942 0.0238484
943 0.0232862
944 0.0227798
945 0.0219527
946 0.0213076
947 0.0206318
948 0.0199752
949 0.0196443
950 0.0194035
951 0.0194573
952 0.0197523
953 0.0201039
954 0.0207481
955 0.0214967
956 0.022288
957 0.0230954
958 0.0239495
959 0.0247248
960 0.025339
961 0.0258914
962 0.0261628
963 0.0268428
964 0.0276394
965 0.0291801
966 0.0310338
967 0.033526
968 0.035838
969 0.0380565
970 0.0398606
971 0.0409973
972 0.0414568
973 0.0414042
974 0.0406315
975 0.0394185
976 0.0378277
977 0.0359102
978 0.033764
979 0.0314641
980 0.0291024
981 0.0267411
982 0.024335
983 0.022196
984 0.0201789
985 0.0183657
986 0.0168507
987 0.0153309
988 0.0140207
989 0.0127098
990 0.0115199
991 0.0101664
992 0.00893787
993 0.00768834
994 0.00655547
995 0.00526779
996 0.00430709
997 0.00278425
998 0.0030055
999 0.000961762
1000 0.000482885
